0.83
0.66
0.61
0.59
0.58
0.57
0.57
0.56
0.56
0.56
0.56
0.56
0.57
0.66
0.56
0.54
0.58
0.58
0.67
0.60
0.51
0.59
0.58
0.60
0.63
0.50
0.57
0.58
0.57
0.68
0.56
0.54
0.58
0.57
0.67
0.60
0.50
0.58
0.58
0.59
0.63
0.49
0.58
0.58
0.57
0.68
0.57
0.54
0.58
0.57
0.67
0.60
0.50
0.58
0.58
0.58
0.63
0.49
0.56
0.58
0.56
0.67
0.56
0.54
0.58
0.57
0.67
0.60
0.50
0.58
0.58
0.58
0.63
0.49
0.57
0.59
0.57
0.68
0.57
0.54
0.59
0.58
0.67
0.61
0.51
0.59
0.59
0.59
0.64
0.51
0.58
0.60
0.59
0.70
0.59
0.56
0.60
0.59
0.69
0.62
0.51
0.60
0.59
0.59
0.65
0.50
0.58
0.59
0.58
0.69
0.58
0.55
0.59
0.58
0.67
0.61
0.51
0.60
0.59
0.59
0.64
0.50
0.58
0.59
0.57
0.69
0.58
0.55
0.58
0.58
0.67
0.60
0.50
0.58
0.58
0.58
0.64
0.49
0.57
0.59
0.58
0.69
0.58
0.55
0.59
0.58
0.67
0.60
0.50
0.59
0.58
0.58
0.63
0.48
0.57
0.59
0.57
0.67
0.58
0.56
0.60
0.59
0.68
0.65
0.70
0.89
0.90
0.96
1.08
0.89
0.95
0.98
0.97
1.08
0.95
0.90
0.93
0.91
0.98
0.91
0.80
0.87
0.85
0.85
0.90
0.87
1.08
1.28
1.57
1.96
2.26
2.70
3.06
3.38
3.90
4.37
4.45
4.54
4.79
4.82
4.86
4.70
4.77
4.80
4.81
4.91
4.80
4.74
4.80
4.81
4.91
4.83
4.70
4.79
4.81
4.82
4.86
4.70
4.78
4.81
4.81
4.91
4.80
4.74
4.79
4.81
4.90
4.83
4.69
4.79
4.80
4.82
4.86
4.70
4.77
4.81
4.81
4.90
4.80
4.75
4.80
4.81
4.89
4.83
4.72
4.74
4.60
4.46
4.45
4.19
4.15
4.09
3.99
4.05
3.86
3.67
3.66
3.60
3.63
3.53
3.30
3.31
3.28
3.25
3.27
3.03
3.01
2.99
2.92
2.99
2.85
2.69
2.67
2.62
2.67
2.57
2.37
2.39
2.34
2.31
2.34
2.13
2.15
2.17
2.11
2.16
2.00
1.91
1.90
1.85
1.89
1.79
1.63
1.67
1.63
1.59
1.62
1.43
1.48
1.50
1.48
1.57
1.44
1.34
1.37
1.35
1.43
1.37
1.22
1.28
1.27
1.28
1.34
1.15
1.19
1.24
1.25
1.39
1.27
1.18
1.23
1.24
1.34
1.30
1.15
1.22
1.23
1.25
1.32
1.15
1.18
1.22
1.22
1.34
1.23
1.14
1.19
1.19
1.27
1.21
1.08
1.14
1.16
1.18
1.25
1.07
1.11
1.14
1.14
1.27
1.16
1.09
1.13
1.14
1.24
1.19
1.06
1.11
1.11
1.11
1.17
1.00
1.04
1.07
1.07
1.17
1.06
0.99
1.03
1.02
1.10
1.05
0.92
0.98
0.98
0.98
1.03
0.86
0.90
0.92
0.89
1.00
0.89
0.84
0.88
0.86
0.94
0.90
0.79
0.85
0.85
0.85
0.90
0.75
0.80
0.83
0.81
0.91
0.81
0.76
0.80
0.80
0.87
0.83
0.72
0.79
0.79
0.78
0.84
0.69
0.74
0.77
0.74
0.85
0.74
0.69
0.73
0.72
0.81
0.76
0.65
0.72
0.71
0.70
0.77
0.63
0.67
0.71
0.69
0.79
0.69
0.64
0.68
0.67
0.75
0.70
0.60
0.67
0.66
0.66
0.71
0.58
0.63
0.65
0.64
0.73
0.64
0.60
0.65
0.64
0.71
0.66
0.57
0.65
0.64
0.63
0.69
0.57
0.63
0.65
0.63
0.72
0.63
0.61
0.65
0.64
0.72
0.66
0.58
0.65
0.64
0.64
0.69
0.57
0.62
0.65
0.63
0.73
0.64
0.61
0.65
0.64
0.72
0.66
0.57
0.65
0.64
0.63
0.68
0.57
0.62
0.65
0.63
0.73
0.63
0.60
0.64
0.63
0.71
0.65
0.56
0.64
0.63
0.63
0.68
0.57
0.60
0.63
0.61
0.70
0.62
0.58
0.63
0.62
0.70
0.64
0.56
0.63
0.62
0.62
0.67
0.56
0.59
0.62
0.60
0.69
0.61
0.57
0.62
0.61
0.70
0.64
0.56
0.64
0.63
0.62
0.69
0.58
0.60
0.64
0.62
0.71
0.63
0.59
0.65
0.63
0.72
0.66
0.57
0.64
0.64
0.63
0.69
0.59
0.61
0.65
0.63
0.72
0.64
0.59
0.64
0.63
0.72
0.66
0.57
0.64
0.63
0.62
0.69
0.59
0.61
0.67
0.74
0.94
1.00
1.10
1.27
1.44
1.84
1.91
2.03
2.21
2.52
3.06
3.55
3.46
3.39
3.62
3.70
3.84
3.75
3.61
3.66
3.57
3.61
3.65
3.49
3.54
3.45
3.38
3.41
3.48
3.93
4.22
4.43
4.59
4.63
4.55
4.74
4.71
4.72
4.77
4.72
4.79
4.81
4.81
4.75
4.57
4.54
4.59
4.48
4.48
4.25
4.04
4.05
4.02
4.09
3.99
3.75
3.71
3.66
3.59
3.61
3.41
3.25
3.20
3.11
3.15
3.04
2.87
2.85
2.83
2.89
2.75
2.62
2.65
2.67
2.61
2.65
2.52
2.47
2.56
2.57
2.66
2.55
2.38
2.41
2.41
2.51
2.44
2.24
2.25
2.29
2.30
2.41
2.27
2.17
2.23
2.21
2.33
2.25
2.10
2.15
2.15
2.28
2.25
2.10
2.14
2.15
2.17
2.30
2.18
2.08
2.05
1.98
2.01
1.90
1.78
1.78
1.73
1.78
1.71
1.56
1.58
1.55
1.52
1.59
1.45
1.38
1.41
1.39
1.47
1.38
1.28
1.31
1.30
1.38
1.34
1.22
1.25
1.24
1.23
1.31
1.19
1.13
1.16
1.14
1.23
1.15
1.07
1.09
1.09
1.16
1.10
1.00
1.04
1.04
1.02
1.09
0.99
0.96
0.98
0.95
1.03
0.96
0.91
0.94
0.92
0.98
0.93
0.85
0.88
0.87
0.85
0.91
0.83
0.81
0.83
0.80
0.87
0.81
0.76
0.79
0.77
0.83
0.79
0.72
0.77
0.76
0.74
0.81
0.73
0.70
0.73
0.71
0.78
0.72
0.66
0.71
0.69
0.74
0.71
0.65
0.70
0.68
0.67
0.75
0.67
0.65
0.68
0.66
0.73
0.67
0.64
0.68
0.66
0.72
0.68
0.61
0.65
0.65
0.63
0.71
0.63
0.62
0.65
0.63
0.70
0.64
0.59
0.64
0.62
0.67
0.64
0.56
0.62
0.61
0.59
0.66
0.59
0.58
0.61
0.59
0.65
0.60
0.58
0.62
0.60
0.65
0.62
0.57
0.62
0.61
0.59
0.65
0.59
0.59
0.61
0.60
0.66
0.61
0.59
0.63
0.62
0.66
0.64
0.58
0.63
0.62
0.61
0.67
0.60
0.59
0.61
0.60
0.65
0.61
0.57
0.62
0.60
0.64
0.62
0.56
0.63
0.62
0.60
0.67
0.60
0.60
0.62
0.60
0.67
0.61
0.58
0.63
0.61
0.64
0.63
0.56
0.62
0.61
0.59
0.66
0.59
0.59
0.61
0.59
0.66
0.59
0.56
0.60
0.59
0.62
0.62
0.55
0.61
0.60
0.58
0.65
0.58
0.59
0.63
0.73
0.97
1.08
1.18
1.31
1.44
1.59
1.69
2.02
2.52
2.73
2.86
3.14
3.18
3.23
3.30
3.62
3.97
3.92
3.72
3.87
3.87
3.99
4.07
3.94
4.05
4.31
4.35
4.45
4.65
4.57
4.61
4.79
4.90
4.82
4.72
4.80
4.81
4.84
4.84
4.74
4.79
4.81
4.81
4.88
4.79
4.76
4.80
4.80
5.00
5.00
4.66
4.56
4.71
4.82
5.00
4.71
4.60
4.71
4.75
5.00
4.90
4.54
4.64
4.71
5.00
4.99
4.56
4.64
4.72
4.81
5.00
4.69
4.57
4.58
4.53
4.68
4.50
4.08
4.14
4.20
4.46
4.35
3.85
3.85
3.87
3.89
3.97
3.56
3.41
3.49
3.50
3.72
3.49
3.12
3.18
3.19
3.40
3.28
2.87
2.90
2.92
2.92
3.07
2.70
2.52
2.60
2.63
2.93
2.69
2.29
2.36
2.39
2.60
2.45
1.98
2.01
2.05
2.09
2.23
1.88
1.71
1.77
1.78
2.05
1.84
1.44
1.52
1.55
1.81
1.74
1.28
1.30
1.35
1.40
1.63
1.27
1.09
1.15
1.18
1.55
1.35
0.93
1.01
1.05
1.34
1.32
0.86
0.88
0.94
1.00
1.30
0.95
0.73
0.82
0.86
1.26
1.08
0.65
0.74
0.80
1.09
1.09
0.65
0.68
0.75
0.82
1.13
0.78
0.59
0.68
0.72
1.12
0.94
0.53
0.62
0.67
0.98
0.99
0.54
0.57
0.63
0.70
1.01
0.65
0.49
0.57
0.62
1.02
0.87
0.47
0.57
0.64
0.94
0.97
0.51
0.54
0.61
0.68
1.01
0.67
0.49
0.59
0.64
1.04
0.87
0.44
0.53
0.61
0.91
0.90
0.46
0.53
0.59
0.65
0.96
0.62
0.44
0.54
0.59
0.98
0.82
0.42
0.51
0.57
0.87
0.89
0.44
0.48
0.56
0.63
0.96
0.62
0.43
0.53
0.58
0.97
0.81
0.40
0.50
0.58
0.86
0.86
0.41
0.45
0.54
0.60
0.91
0.58
0.36
0.49
0.54
0.94
0.79
0.35
0.42
0.48
0.79
0.84
0.39
0.43
0.50
0.57
0.90
0.58
0.37
0.47
0.51
0.93
0.78
0.35
0.42
0.48
0.79
0.85
0.39
0.40
0.47
0.54
0.90
0.57
0.35
0.45
0.49
0.92
0.78
0.34
0.42
0.48
0.78
0.84
0.38
0.38
0.45
0.53
0.87
0.55
0.35
0.44
0.49
0.91
0.77
0.33
0.43
0.50
0.79
0.86
0.40
0.40
0.47
0.54
0.89
0.57
0.35
0.44
0.48
0.90
0.75
0.31
0.41
0.47
0.76
0.82
0.37
0.38
0.44
0.52
0.87
0.55
0.33
0.43
0.52
1.06
1.13
0.87
1.01
1.12
1.46
1.61
1.32
1.87
2.40
2.70
3.08
2.82
3.26
3.55
3.72
4.17
4.04
3.54
3.63
3.76
4.12
4.25
3.91
4.25
4.40
4.49
4.81
4.43
4.06
4.12
4.26
4.79
4.67
4.27
4.48
4.67
4.97
5.00
4.60
4.68
4.76
4.81
5.00
4.70
4.62
4.72
4.74
5.00
5.00
4.57
4.52
4.62
4.93
5.00
4.58
4.58
4.66
4.74
5.00
4.76
4.53
4.64
4.70
5.00
4.96
4.52
4.61
4.69
4.96
5.00
4.59
4.59
4.68
4.75
5.00
4.76
4.54
4.66
4.72
5.00
4.84
4.30
4.29
4.29
4.48
4.40
3.86
3.70
3.70
3.72
3.97
3.56
3.19
3.23
3.23
3.55
3.37
2.83
2.82
2.84
3.06
3.06
2.56
2.42
2.44
2.47
2.77
2.39
2.07
2.12
2.12
2.42
2.22
1.79
1.85
1.89
2.14
2.16
1.71
1.61
1.65
1.70
2.03
1.70
1.37
1.43
1.46
1.89
1.77
1.24
1.22
1.24
1.51
1.66
1.20
1.04
1.09
1.13
1.57
1.26
0.87
0.92
0.95
1.42
1.34
0.82
0.81
0.85
1.12
1.31
0.85
0.71
0.77
0.83
1.29
0.99
0.63
0.70
0.75
1.19
1.11
0.60
0.62
0.68
0.97
1.20
0.75
0.58
0.64
0.71
1.21
0.94
0.53
0.59
0.64
1.11
1.06
0.53
0.53
0.58
0.86
1.10
0.66
0.49
0.55
0.62
1.10
0.80
0.41
0.49
0.56
1.02
0.97
0.46
0.46
0.53
0.81
0.99
0.54
0.43
0.52
0.60
1.03
0.74
0.38
0.46
0.52
0.99
0.92
0.40
0.43
0.50
0.78
0.96
0.52
0.36
0.44
0.53
1.00
0.72
0.35
0.44
0.49
0.94
0.90
0.38
0.42
0.48
0.76
0.95
0.50
0.36
0.43
0.50
0.98
0.70
0.31
0.40
0.45
0.91
0.87
0.35
0.38
0.44
0.73
0.94
0.49
0.35
0.42
0.49
0.96
0.70
0.31
0.41
0.46
0.91
0.84
0.35
0.38
0.45
0.73
0.93
0.51
0.35
0.42
0.49
0.97
0.72
0.32
0.42
0.48
0.92
0.87
0.38
0.41
0.47
0.74
0.95
0.53
0.39
0.46
0.53
0.99
0.74
0.36
0.45
0.52
0.96
0.90
0.41
0.46
0.52
0.79
0.97
0.56
0.44
0.52
0.59
1.03
0.78
0.41
0.51
0.56
1.00
0.95
0.45
0.48
0.55
0.82
1.03
0.62
0.50
0.56
0.63
1.07
0.83
0.43
0.55
0.60
1.02
0.95
0.47
0.49
0.55
0.82
1.01
0.59
0.46
0.54
0.61
1.05
0.84
0.56
0.81
0.92
1.41
1.44
1.02
1.35
1.73
2.11
2.47
2.34
2.98
3.30
3.45
4.15
4.08
4.29
4.53
4.60
5.00
5.00
4.54
4.54
4.60
4.86
5.00
4.72
4.51
4.57
4.63
5.00
4.94
4.48
4.57
4.62
5.00
5.00
4.55
4.55
4.62
4.86
5.00
4.71
4.53
4.61
4.68
5.00
4.95
4.48
4.56
4.61
5.00
5.00
4.54
4.51
4.60
4.87
5.00
4.65
4.58
4.68
4.75
5.00
4.87
4.50
4.63
4.69
5.00
5.00
4.53
4.60
4.67
4.91
5.00
4.65
4.55
4.63
4.68
5.00
4.77
4.27
4.31
4.31
4.61
4.44
3.87
3.81
3.81
4.01
4.04
3.59
3.33
3.34
3.35
3.72
3.43
2.90
2.93
2.97
3.37
3.29
2.74
2.69
2.72
2.96
3.21
2.77
2.48
2.49
2.50
2.90
2.62
2.09
2.11
2.13
2.49
2.40
1.87
1.78
1.79
2.01
2.24
1.80
1.55
1.58
1.62
2.08
1.83
1.30
1.31
1.34
1.74
1.70
1.17
1.18
1.23
1.45
1.61
1.19
0.99
1.04
1.08
1.56
1.29
0.80
0.87
0.93
1.35
1.31
0.81
0.83
0.87
1.10
1.34
0.91
0.71
0.78
0.84
1.32
1.11
0.61
0.68
0.73
1.14
1.16
0.64
0.60
0.65
0.88
1.17
0.74
0.52
0.59
0.64
1.13
0.93
0.44
0.53
0.57
0.98
1.00
0.48
0.46
0.52
0.76
1.02
0.63
0.42
0.49
0.54
1.03
0.85
0.37
0.46
0.51
0.92
0.91
0.41
0.42
0.47
0.71
0.99
0.60
0.39
0.47
0.53
1.02
0.83
0.34
0.43
0.47
0.88
0.90
0.39
0.42
0.49
0.72
0.97
0.58
0.38
0.45
0.51
1.03
0.87
0.34
0.41
0.47
0.88
0.93
0.43
0.40
0.47
0.70
0.96
0.57
0.36
0.43
0.49
0.99
0.81
0.30
0.40
0.45
0.86
0.90
0.38
0.36
0.43
0.65
0.95
0.57
0.34
0.41
0.46
0.97
0.83
0.28
0.36
0.42
0.84
0.93
0.41
0.38
0.44
0.66
0.95
0.56
0.35
0.42
0.48
0.99
0.82
0.31
0.40
0.45
0.86
0.92
0.40
0.37
0.43
0.65
0.96
0.59
0.34
0.41
0.46
0.98
0.84
0.30
0.38
0.44
0.85
0.95
0.43
0.38
0.42
0.63
0.99
0.62
0.35
0.42
0.46
1.00
0.87
0.34
0.43
0.49
0.89
0.93
0.43
0.42
0.47
0.68
0.99
0.61
0.38
0.46
0.51
1.03
0.87
0.36
0.44
0.50
0.89
0.94
0.43
0.42
0.48
0.67
0.99
0.61
0.38
0.45
0.50
1.01
0.86
0.35
0.42
0.46
0.87
0.98
0.46
0.40
0.45
0.65
1.01
0.65
0.36
0.42
0.46
1.02
0.90
0.35
0.41
0.47
0.87
0.99
0.49
0.44
0.53
0.81
1.35
1.15
1.24
1.47
1.60
2.22
2.38
2.44
2.64
2.78
3.21
3.68
3.73
4.03
4.42
4.65
5.00
4.77
4.47
4.52
4.58
5.00
5.00
4.49
4.52
4.57
4.97
5.00
4.57
4.51
4.57
4.77
5.00
4.75
4.51
4.59
4.65
5.00
4.97
4.48
4.58
4.65
5.00
5.00
4.59
4.45
4.48
4.64
5.00
4.82
4.59
4.76
4.80
5.00
5.00
4.51
4.57
4.66
5.00
5.00
4.58
4.61
4.67
4.84
5.00
4.79
4.48
4.49
4.47
4.93
4.71
4.11
4.01
3.98
4.33
4.29
3.70
3.51
3.48
3.59
3.87
3.40
3.05
3.07
3.09
3.54
3.29
2.71
2.70
2.73
3.08
3.05
2.50
2.42
2.46
2.60
2.83
2.43
2.14
2.17
2.18
2.60
2.39
1.86
1.88
1.91
2.24
2.25
1.72
1.62
1.63
1.75
2.03
1.64
1.34
1.38
1.40
1.88
1.68
1.15
1.16
1.19
1.55
1.61
1.09
1.01
1.04
1.17
1.51
1.12
0.85
0.90
0.94
1.42
1.24
0.72
0.77
0.82
1.18
1.25
0.74
0.69
0.73
0.86
1.23
0.87
0.60
0.67
0.72
1.19
1.03
0.53
0.59
0.65
1.01
1.07
0.56
0.50
0.56
0.70
1.09
0.73
0.46
0.54
0.59
1.09
0.94
0.43
0.49
0.55
0.92
0.99
0.48
0.45
0.51
0.64
1.03
0.67
0.41
0.49
0.54
1.05
0.90
0.39
0.44
0.49
0.87
0.94
0.43
0.40
0.46
0.59
0.98
0.62
0.36
0.44
0.49
1.01
0.85
0.35
0.41
0.47
0.84
0.92
0.42
0.39
0.45
0.57
0.97
0.62
0.36
0.44
0.48
0.98
0.83
0.33
0.40
0.46
0.83
0.90
0.39
0.35
0.42
0.54
0.96
0.61
0.35
0.43
0.48
0.97
0.81
0.33
0.39
0.45
0.82
0.89
0.39
0.36
0.43
0.53
0.91
0.55
0.30
0.38
0.43
0.94
0.79
0.30
0.36
0.43
0.79
0.87
0.37
0.35
0.42
0.53
0.91
0.56
0.32
0.41
0.45
0.94
0.78
0.30
0.38
0.44
0.80
0.87
0.39
0.38
0.44
0.55
0.95
0.61
0.34
0.42
0.47
0.97
0.83
0.34
0.39
0.44
0.80
0.89
0.40
0.38
0.44
0.55
0.93
0.58
0.32
0.42
0.46
0.94
0.81
0.31
0.38
0.43
0.79
0.89
0.39
0.37
0.43
0.53
0.96
0.62
0.35
0.43
0.48
0.95
0.80
0.33
0.40
0.46
0.81
0.89
0.40
0.38
0.45
0.54
0.94
0.59
0.33
0.41
0.46
0.95
0.80
0.31
0.36
0.43
0.78
0.88
0.38
0.38
0.43
0.52
0.91
0.58
0.32
0.41
0.45
0.93
0.81
0.31
0.37
0.43
0.79
0.90
0.41
0.37
0.46
0.63
1.15
0.89
0.65
0.76
0.91
1.55
1.69
1.40
1.53
1.76
2.32
2.60
2.14
2.17
2.42
2.76
3.24
2.96
2.96
3.42
3.57
4.11
3.99
3.53
3.99
4.39
4.82
5.00
4.57
4.55
4.62
4.70
5.00
4.77
4.52
4.59
4.62
5.00
5.00
4.52
4.56
4.64
4.98
5.00
4.54
4.57
4.64
4.74
5.00
4.83
4.45
4.46
4.49
5.00
5.00
4.53
4.47
4.50
4.83
5.00
4.65
4.47
4.50
4.57
5.00
4.86
4.48
4.50
4.53
5.00
5.00
4.53
4.43
4.44
4.79
5.00
4.64
4.46
4.45
4.47
4.95
4.55
4.12
4.07
4.05
4.48
4.27
3.68
3.57
3.56
3.85
3.85
3.29
3.09
3.09
3.13
3.49
3.06
2.72
2.78
2.80
3.17
2.92
2.40
2.44
2.50
2.81
2.85
2.35
2.33
2.39
2.44
2.73
2.33
2.04
2.07
2.07
2.42
2.20
1.71
1.72
1.75
2.04
2.04
1.54
1.43
1.45
1.51
1.97
1.63
1.26
1.26
1.26
1.77
1.71
1.15
1.06
1.08
1.39
1.60
1.10
0.92
0.93
0.98
1.51
1.20
0.80
0.81
0.83
1.35
1.33
0.78
0.71
0.73
1.05
1.31
0.83
0.64
0.65
0.71
1.27
0.97
0.58
0.59
0.62
1.15
1.14
0.59
0.52
0.55
0.87
1.14
0.65
0.47
0.50
0.56
1.11
0.83
0.43
0.45
0.47
1.01
1.02
0.47
0.41
0.45
0.78
1.06
0.58
0.40
0.43
0.49
1.05
0.77
0.37
0.40
0.43
0.96
0.97
0.43
0.38
0.42
0.74
1.03
0.55
0.36
0.40
0.46
1.04
0.77
0.37
0.39
0.42
0.96
0.97
0.43
0.36
0.40
0.72
1.02
0.55
0.36
0.39
0.44
1.02
0.73
0.34
0.37
0.41
0.94
0.96
0.41
0.36
0.40
0.72
1.00
0.53
0.35
0.39
0.46
1.02
0.74
0.35
0.38
0.41
0.94
0.96
0.42
0.36
0.40
0.72
1.01
0.55
0.36
0.40
0.46
1.02
0.75
0.36
0.39
0.43
0.95
0.96
0.42
0.38
0.43
0.74
1.02
0.56
0.37
0.41
0.47
1.03
0.77
0.37
0.41
0.45
0.97
1.01
0.46
0.41
0.44
0.76
1.05
0.58
0.38
0.42
0.48
1.04
0.76
0.36
0.39
0.42
0.95
0.96
0.42
0.36
0.40
0.71
1.00
0.53
0.34
0.38
0.44
1.01
0.73
0.33
0.36
0.39
0.91
0.94
0.39
0.33
0.38
0.69
0.98
0.51
0.31
0.34
0.40
0.97
0.70
0.29
0.32
0.36
0.88
0.90
0.35
0.29
0.33
0.64
0.95
0.48
0.29
0.32
0.39
0.96
0.69
0.28
0.31
0.35
0.87
0.90
0.35
0.29
0.33
0.64
0.95
0.49
0.29
0.32
0.39
0.96
0.70
0.29
0.32
0.36
0.88
0.91
0.36
0.30
0.34
0.65
0.96
0.50
0.30
0.33
0.40
0.97
0.72
0.30
0.32
0.37
0.93
1.19
1.07
1.33
1.44
1.75
2.13
1.72
1.59
1.80
2.29
2.95
2.79
2.62
2.78
2.87
3.39
3.48
3.04
3.11
3.14
3.43
3.81
3.39
3.26
3.44
3.53
4.11
3.91
3.56
3.59
3.64
4.21
4.23
3.72
3.89
4.10
4.46
4.57
4.06
4.07
4.20
4.28
4.52
4.13
3.76
3.80
3.80
4.28
4.27
3.67
3.52
3.53
3.81
4.08
3.59
3.35
3.37
3.39
3.93
3.64
3.18
3.16
3.15
3.65
3.68
3.09
2.96
2.95
3.21
3.41
2.89
2.64
2.63
2.67
3.24
2.97
2.51
2.48
2.48
2.98
3.00
2.41
2.31
2.34
2.62
2.84
2.34
2.17
2.21
2.27
2.77
2.45
2.04
2.09
2.13
2.62
2.58
2.01
1.95
1.97
2.25
2.53
2.06
1.81
1.80
1.82
2.35
2.05
1.60
1.56
1.55
2.03
2.02
1.46
1.33
1.32
1.59
1.89
1.43
1.16
1.14
1.18
1.73
1.46
1.00
0.98
0.98
1.48
1.51
0.95
0.85
0.86
1.12
1.46
1.01
0.76
0.76
0.81
1.37
1.14
0.69
0.67
0.68
1.18
1.26
0.71
0.61
0.63
0.89
1.25
0.82
0.58
0.60
0.65
1.21
0.97
0.52
0.53
0.55
1.05
1.11
0.56
0.46
0.48
0.76
1.11
0.68
0.43
0.45
0.50
1.08
0.86
0.41
0.42
0.46
0.96
1.03
0.48
0.40
0.43
0.70
1.06
0.63
0.39
0.41
0.47
1.04
0.82
0.37
0.38
0.41
0.90
0.99
0.44
0.36
0.40
0.69
1.03
0.60
0.36
0.39
0.44
1.02
0.83
2848