2
00.61
0.61
0.61
0.61
0.61
0.61
0.60
0.61
0.61
0.61
0.60
0.60
0.60
0.59
0.58
0.59
0.62
0.62
0.60
0.58
0.59
0.61
0.63
0.61
0.59
0.61
0.60
0.63
0.62
0.60
0.61
0.61
0.64
0.63
0.62
0.60
0.62
0.63
0.64
0.62
0.60
0.61
0.61
0.63
0.62
0.60
0.60
0.59
0.64
0.63
0.60
0.59
0.60
0.62
0.63
0.61
0.59
0.60
0.60
0.63
0.62
0.60
0.60
0.59
0.62
0.61
0.59
0.58
0.58
0.60
0.61
0.60
0.59
0.58
0.58
0.60
0.59
0.57
0.57
0.58
0.61
0.61
0.59
0.57
0.59
0.60
0.62
0.60
0.58
0.60
0.60
0.62
0.61
0.59
0.59
0.60
0.62
0.63
0.61
0.59
0.61
0.62
0.63
0.62
0.59
0.61
0.61
0.64
0.63
0.60
0.61
0.60
0.63
0.63
0.60
0.59
0.60
0.60
0.62
0.61
0.59
0.60
0.60
0.63
0.62
0.59
0.60
0.60
0.63
0.62
0.59
0.58
0.60
0.61
0.61
0.59
0.58
0.59
0.58
0.61
0.60
0.58
0.58
0.58
0.60
0.60
0.58
0.57
0.59
0.59
0.61
0.60
0.58
0.59
0.58
0.60
0.60
0.58
0.59
0.60
0.62
0.62
0.62
0.61
0.63
0.64
0.65
0.63
0.61
0.63
0.63
0.64
0.64
0.63
0.64
0.64
0.66
0.66
0.65
0.65
0.65
0.65
0.67
0.65
0.64
0.65
0.65
0.66
0.65
0.64
0.65
0.64
0.65
0.65
0.63
0.62
0.64
0.64
0.65
0.64
0.61
0.63
0.62
0.65
0.64
0.62
0.62
0.61
0.64
0.63
0.61
0.59
0.60
0.61
0.62
0.61
0.59
0.62
0.61
0.63
0.63
0.61
0.62
0.62
0.64
0.64
0.62
0.60
0.61
0.62
0.63
0.62
0.60
0.62
0.62
0.63
0.63
0.61
0.61
0.62
0.65
0.65
0.64
0.62
0.64
0.65
0.66
0.65
0.62
0.65
0.64
0.66
0.65
0.64
0.65
0.65
0.66
0.67
0.65
0.63
0.65
0.65
0.66
0.65
0.63
0.65
0.64
0.66
0.65
0.63
0.63
0.64
0.66
0.65
0.64
0.62
0.63
0.64
0.65
0.63
0.61
0.62
0.62
0.65
0.63
0.61
0.62
0.62
0.64
0.63
0.61
0.59
0.61
0.61
0.61
0.61
0.59
0.60
0.60
0.62
0.61
0.59
0.60
0.59
0.62
0.62
0.60
0.58
0.59
0.61
0.61
0.60
0.58
0.59
0.59
0.61
0.61
0.58
0.58
0.59
0.62
0.61
0.60
0.58
0.60
0.62
0.63
0.62
0.60
0.59
0.70
0.89
0.93
0.95
1.01
1.02
1.00
1.00
0.99
0.95
0.96
0.95
0.97
0.97
1.01
1.00
1.01
1.04
1.03
1.07
1.20
1.33
1.39
1.36
1.34
1.36
1.34
1.45
1.64
1.89
2.13
2.22
2.24
2.26
2.43
2.56
2.64
2.68
2.61
2.53
2.44
2.37
2.37
2.29
2.23
2.20
2.12
2.10
2.26
2.48
2.50
2.56
2.54
2.47
2.45
2.41
2.35
2.29
2.28
2.26
2.22
2.27
2.25
2.42
2.43
2.35
2.36
2.30
2.26
2.24
2.22
2.24
2.20
2.19
2.24
2.22
2.17
2.14
2.11
2.09
2.06
1.98
2.00
2.00
1.99
2.02
2.00
1.95
1.86
1.82
1.90
1.94
1.97
2.05
2.09
2.17
2.16
2.11
2.12
2.14
2.22
2.24
2.17
2.23
2.32
2.36
2.45
2.44
2.42
2.47
2.47
2.48
2.48
2.46
2.53
2.58
2.64
2.68
2.65
2.66
2.66
2.65
2.72
2.71
2.70
2.74
2.76
2.82
2.81
2.76
2.77
2.78
2.82
2.84
2.80
2.78
2.77
2.79
2.84
2.79
2.74
2.74
2.73
2.75
2.71
2.63
2.53
2.43
2.37
2.30
2.24
2.17
2.09
2.00
1.97
1.95
1.92
1.84
1.77
1.73
1.69
1.69
1.64
1.58
1.55
1.51
1.49
1.45
1.40
1.35
1.37
1.33
1.30
1.26
1.23
1.25
1.21
1.21
1.17
1.14
1.13
1.13
1.11
1.09
1.06
1.03
1.05
1.02
1.00
0.98
0.95
0.96
0.94
0.95
0.92
0.88
0.88
0.88
0.90
0.88
0.86
0.84
0.86
0.85
0.85
0.82
0.79
0.80
0.79
0.82
0.80
0.78
0.78
0.78
0.81
0.79
0.77
0.74
0.74
0.75
0.75
0.73
0.70
0.70
0.70
0.72
0.71
0.68
0.67
0.68
0.71
0.70
0.68
0.66
0.67
0.69
0.70
0.68
0.67
0.68
0.68
0.72
0.69
0.66
0.66
0.66
0.69
0.69
0.66
0.64
0.65
0.67
0.69
0.67
0.65
0.65
0.66
0.70
0.68
0.66
0.65
0.65
0.70
0.68
0.66
0.65
0.66
0.67
0.69
0.66
0.65
0.65
0.65
0.70
0.67
0.65
0.65
0.65
0.70
0.69
0.67
0.66
0.65
0.69
0.71
0.69
0.68
0.67
0.68
0.73
0.71
0.70
0.69
0.69
0.73
0.73
0.71
0.69
0.69
0.73
0.75
0.73
0.71
0.70
0.73
0.78
0.77
0.75
0.74
0.75
0.77
0.76
0.74
0.72
0.73
0.75
0.77
0.75
0.72
0.72
0.73
0.79
0.77
0.74
0.73
0.73
0.77
0.77
0.75
0.73
0.73
0.75
0.77
0.74
0.72
0.72
0.72
0.75
0.72
0.70
0.71
0.70
0.74
0.72
0.70
0.68
0.69
0.71
0.72
0.69
0.67
0.66
0.68
0.71
0.69
0.67
0.66
0.66
0.70
0.68
0.66
0.65
0.65
0.67
0.70
0.68
0.69
0.70
0.70
0.74
0.72
0.70
0.71
0.81
0.98
1.01
1.01
1.01
1.02
1.03
1.15
1.44
1.71
1.73
1.69
1.67
1.66
1.67
1.66
1.73
1.75
1.75
1.70
1.67
1.71
1.65
1.61
1.55
1.49
1.47
1.44
1.45
1.39
1.34
1.32
1.30
1.37
1.49
1.67
1.73
1.72
1.74
1.73
1.69
1.62
1.62
1.60
1.56
1.58
1.55
1.53
1.55
1.51
1.46
1.44
1.42
1.45
1.40
1.37
1.32
1.30
1.29
1.29
1.28
1.30
1.29
1.32
1.29
1.28
1.30
1.32
1.34
1.41
1.38
1.34
1.34
1.32
1.33
1.31
1.32
1.28
1.26
1.29
1.30
1.38
1.39
1.38
1.41
1.47
1.46
1.42
1.39
1.38
1.44
1.40
1.41
1.36
1.33
1.37
1.40
1.37
1.35
1.35
1.35
1.39
1.35
1.35
1.31
1.29
1.35
1.34
1.31
1.30
1.29
1.30
1.31
1.29
1.25
1.21
1.22
1.27
1.23
1.21
1.20
1.19
1.22
1.19
1.17
1.16
1.15
1.16
1.15
1.14
1.10
1.07
1.08
1.13
1.11
1.09
1.09
1.08
1.12
1.10
1.09
1.08
1.06
1.07
1.08
1.06
1.04
1.02
0.99
1.02
0.99
0.97
0.96
0.94
0.94
0.92
0.93
0.93
0.92
0.93
0.95
0.95
0.93
0.93
0.95
0.99
0.97
0.95
0.95
0.94
0.99
0.98
1.00
1.00
1.01
1.06
1.13
1.11
1.11
1.13
1.14
1.18
1.15
1.13
1.13
1.13
1.16
1.14
1.11
1.10
1.09
1.09
1.09
1.07
1.06
1.05
1.02
1.03
1.00
1.00
1.01
0.99
1.04
1.01
1.00
0.99
0.97
0.98
0.97
0.96
0.94
0.93
0.91
0.93
0.91
0.90
0.89
0.87
0.89
0.87
0.87
0.86
0.84
0.84
0.83
0.84
0.83
0.80
0.77
0.78
0.79
0.79
0.76
0.73
0.74
0.73
0.76
0.74
0.71
0.71
0.70
0.72
0.72
0.69
0.67
0.68
0.70
0.72
0.69
0.67
0.67
0.68
0.71
0.69
0.67
0.67
0.67
0.71
0.70
0.68
0.67
0.67
0.70
0.72
0.71
0.69
0.69
0.70
0.74
0.72
0.70
0.70
0.69
0.73
0.72
0.71
0.70
0.70
0.72
0.74
0.71
0.70
0.70
0.69
0.73
0.71
0.69
0.69
0.68
0.72
0.71
0.68
0.67
0.67
0.69
0.71
0.69
0.68
0.67
0.68
0.72
0.70
0.68
0.67
0.67
0.71
0.70
0.69
0.67
0.68
0.70
0.72
0.69
0.68
0.69
0.69
0.72
0.70
0.67
0.67
0.67
0.71
0.71
0.68
0.67
0.67
0.70
0.75
0.77
0.77
0.78
0.78
0.85
0.86
0.85
0.88
0.89
0.90
0.88
0.85
0.82
0.83
0.84
0.85
0.82
0.79
0.79
0.79
0.82
0.79
0.76
0.76
0.75
0.79
0.77
0.75
0.73
0.73
0.75
0.76
0.74
0.74
0.74
0.76
0.83
0.84
0.87
0.87
0.88
0.87
0.85
0.88
0.96
0.97
0.98
0.95
0.93
0.94
0.96
1.06
1.14
1.13
1.10
1.10
1.10
1.13
1.13
1.12
1.09
1.09
1.06
1.06
1.03
1.00
0.98
1.00
1.09
1.11
1.10
1.11
1.21
1.28
1.33
1.38
1.36
1.37
1.37
1.37
1.32
1.32
1.47
1.58
1.80
1.81
1.89
1.90
1.93
1.90
1.89
1.87
1.84
1.98
1.94
1.92
2.04
2.06
2.15
2.20
2.18
2.18
2.28
2.43
2.49
2.50
2.54
2.71
2.61
2.55
2.45
2.45
2.46
2.40
2.47
2.53
2.51
2.52
2.46
2.45
2.53
2.46
2.40
2.43
2.46
2.56
2.63
2.62
2.67
2.70
2.77
2.75
2.72
2.78
2.82
2.87
2.91
2.87
2.87
2.90
2.91
2.97
2.93
2.88
2.92
2.94
2.98
2.92
2.86
2.92
2.93
2.95
2.98
2.92
2.89
2.89
2.90
2.96
2.92
2.88
2.89
2.90
2.94
2.92
2.85
2.85
2.84
2.84
2.83
2.74
2.69
2.66
2.62
2.61
2.53
2.44
2.35
2.29
2.23
2.19
2.20
2.15
2.10
2.07
2.03
2.03
1.99
1.93
1.88
1.83
1.83
1.82
1.75
1.71
1.66
1.63
1.65
1.59
1.54
1.50
1.47
1.48
1.45
1.39
1.34
1.32
1.32
1.33
1.28
1.24
1.23
1.21
1.23
1.19
1.15
1.12
1.11
1.14
1.13
1.11
1.08
1.08
1.08
1.10
1.07
1.02
1.02
1.01
1.04
1.00
0.97
0.96
0.95
0.98
0.97
0.94
0.92
0.91
0.93
0.94
0.91
0.89
0.88
0.89
0.94
0.91
0.88
0.89
0.87
0.91
0.89
0.88
0.86
0.85
0.87
0.89
0.87
0.84
0.83
0.83
0.87
0.85
0.83
0.82
0.82
0.86
0.86
0.83
0.82
0.80
0.83
0.85
0.83
0.81
0.80
0.82
0.87
0.84
0.81
0.81
0.80
0.85
0.83
0.81
0.78
0.78
0.80
0.83
0.80
0.78
0.78
0.78
0.82
0.80
0.79
0.79
0.78
0.82
0.82
0.81
0.80
0.79
0.81
0.84
0.82
0.81
0.82
0.82
0.86
0.84
0.82
0.82
0.82
0.90
0.89
0.87
0.85
0.84
0.87
0.89
0.87
0.87
0.87
0.87
0.92
0.90
0.88
0.87
0.87
0.91
0.91
0.89
0.89
0.88
0.92
0.95
0.92
0.92
0.90
0.93
0.98
0.96
0.94
0.94
0.92
0.97
0.96
0.93
0.92
0.90
0.94
0.96
0.93
0.92
0.90
0.92
0.96
0.94
0.92
0.91
0.90
0.95
0.95
0.93
0.92
0.90
0.94
0.97
0.94
0.94
0.93
0.95
1.01
1.01
1.01
1.00
0.99
1.04
1.04
1.02
1.00
1.02
1.13
1.22
1.18
1.13
1.13
1.10
1.10
1.06
1.03
1.02
1.01
1.06
1.06
1.07
1.13
1.11
1.09
1.08
1.08
1.04
1.03
1.04
1.11
1.14
1.16
1.16
1.16
1.17
1.19
1.17
1.14
1.14
1.29
1.51
1.61
1.56
1.54
1.53
1.60
1.65
1.72
1.75
1.70
1.67
1.67
1.63
1.66
1.75
1.84
1.82
1.91
1.96
1.94
1.88
1.86
1.81
1.74
1.72
1.70
1.69
1.67
1.62
1.66
1.82
1.91
1.89
2.08
2.09
2.05
2.02
1.97
1.93
1.97
2.07
2.07
2.02
2.00
1.96
2.10
2.15
2.16
2.17
2.21
2.35
2.48
2.53
2.47
2.51
2.47
2.43
2.54
2.61
2.64
2.47
2.47
2.51
2.46
2.54
2.53
2.47
2.43
2.52
2.59
2.70
2.73
2.65
2.60
2.68
2.83
2.87
2.84
2.82
2.84
2.88
2.89
2.95
3.05
3.05
3.02
3.06
3.07
3.09
3.09
2.98
2.92
2.99
3.03
3.08
3.04
2.99
3.01
3.01
3.03
2.95
2.90
2.93
2.95
3.00
2.97
2.88
2.87
2.88
2.85
2.90
2.86
2.83
2.85
2.87
2.91
2.89
2.83
2.82
2.82
2.83
2.83
2.74
2.69
2.65
2.60
2.61
2.52
2.46
2.38
2.32
2.25
2.23
2.24
2.17
2.13
2.08
2.05
2.10
2.08
2.00
1.94
1.89
1.88
1.90
1.84
1.79
1.74
1.71
1.74
1.68
1.62
1.59
1.54
1.55
1.52
1.47
1.42
1.40
1.39
1.40
1.35
1.32
1.30
1.28
1.31
1.28
1.26
1.23
1.21
1.26
1.25
1.23
1.20
1.18
1.20
1.21
1.18
1.18
1.16
1.15
1.19
1.16
1.15
1.13
1.12
1.16
1.16
1.15
1.12
1.10
1.12
1.15
1.12
1.11
1.09
1.09
1.15
1.13
1.11
1.10
1.09
1.16
1.14
1.14
1.13
1.11
1.13
1.17
1.15
1.13
1.12
1.13
1.18
1.16
1.16
1.16
1.15
1.20
1.19
1.19
1.17
1.15
1.19
1.23
1.21
1.21
1.19
1.20
1.26
1.24
1.21
1.20
1.19
1.26
1.25
1.24
1.24
1.22
1.24
1.28
1.25
1.23
1.21
1.21
1.27
1.24
1.23
1.21
1.19
1.24
1.23
1.22
1.20
1.17
1.21
1.24
1.21
1.20
1.17
1.18
1.23
1.21
1.20
1.19
1.17
1.22
1.21
1.19
1.18
1.15
1.18
1.22
1.19
1.18
1.16
1.17
1.21
1.18
1.16
1.15
1.14
1.18
1.17
1.15
1.13
1.11
1.14
1.17
1.15
1.14
1.13
1.13
1.16
1.13
1.12
1.13
1.12
1.15
1.12
1.09
1.07
1.05
1.05
1.07
1.03
1.02
0.99
1.00
1.07
1.07
1.05
1.02
1.01
1.05
1.02
0.98
0.94
0.93
0.96
0.99
0.95
0.92
0.90
0.90
0.95
0.97
0.99
0.98
0.96
0.99
1.00
1.05
1.11
1.09
1.06
1.03
1.00
1.01
1.00
0.97
0.99
0.98
0.96
0.95
0.96
1.00
0.99
0.96
0.97
0.96
1.08
1.21
1.24
1.30
1.30
1.27
1.28
1.25
1.20
1.23
1.29
1.32
1.33
1.30
1.27
1.48
1.75
1.81
1.89
1.85
1.90
1.94
1.88
1.83
1.78
1.77
1.86
1.99
1.94
1.95
1.94
2.07
2.17
2.21
2.36
2.39
2.47
2.54
2.47
2.48
2.53
2.50
2.56
2.53
2.56
2.74
2.93
3.18
3.29
3.35
3.40
3.37
3.28
3.21
3.20
3.14
3.28
3.40
3.35
3.35
3.40
3.41
3.39
3.35
3.29
3.29
3.33
3.21
3.14
3.12
3.04
2.99
3.00
3.12
3.19
3.13
3.05
2.98
2.94
3.09
3.01
2.92
2.94
2.86
2.84
2.80
2.71
2.70
2.76
2.79
2.78
2.69
2.60
2.50
2.51
2.60
2.55
2.50
2.50
2.49
2.51
2.46
2.39
2.38
2.36
2.36
2.35
2.28
2.24
2.20
2.18
2.21
2.14
2.10
2.11
2.11
2.15
2.13
2.06
2.03
2.03
2.03
2.02
1.98
1.97
1.97
1.95
1.96
1.89
1.84
1.84
1.81
1.78
1.73
1.74
1.68
1.63
1.59
1.55
1.57
1.54
1.49
1.43
1.41
1.40
1.42
1.36
1.31
1.29
1.27
1.28
1.24
1.19
1.16
1.15
1.17
1.14
1.10
1.06
1.06
1.06
1.07
1.03
1.00
1.00
0.98
1.01
0.99
0.96
0.94
0.93
0.97
0.96
0.93
0.89
0.90
0.90
0.91
0.87
0.85
0.85
0.84
0.87
0.85
0.83
0.82
0.82
0.87
0.87
0.84
0.82
0.82
0.84
0.86
0.83
0.80
0.80
0.80
0.84
0.81
0.79
0.78
0.78
0.83
0.83
0.82
0.80
0.78
0.81
0.84
0.82
0.80
0.78
0.79
0.86
0.85
0.84
0.84
0.83
0.87
0.87
0.87
0.88
0.87
0.89
0.92
0.88
0.88
0.87
0.87
0.91
0.89
0.89
0.88
0.87
0.92
0.92
0.89
0.87
0.87
0.89
0.93
0.90
0.88
0.87
0.88
0.92
0.90
0.88
0.88
0.87
0.90
0.90
0.87
0.86
0.85
0.88
0.91
0.90
0.92
0.92
0.91
0.96
0.93
0.89
0.88
0.87
0.91
0.90
0.87
0.86
0.85
0.87
0.88
0.86
0.84
0.83
0.83
0.86
0.84
0.81
0.80
0.79
0.83
0.82
0.80
0.79
0.78
0.82
0.84
0.81
0.78
0.77
0.77
0.81
0.78
0.77
0.75
0.74
0.77
0.77
0.76
0.77
0.75
0.80
0.81
0.80
0.77
0.76
0.76
0.80
0.77
0.75
0.74
0.74
0.78
0.78
0.76
0.74
0.73
0.76
0.79
0.77
0.75
0.74
0.74
0.77
0.75
0.73
0.72
0.72
0.76
0.75
0.73
0.72
0.72
0.74
0.79
0.80
0.84
0.86
0.96
1.05
1.06
1.08
1.08
1.08
1.12
1.13
1.09
1.07
1.05
1.09
1.10
1.09
1.09
1.12
1.09
1.07
1.05
1.10
1.15
1.12
1.09
1.10
1.11
1.08
1.07
1.05
1.05
1.05
1.10
1.10
1.10
1.17
1.14
1.22
1.31
1.36
1.47
1.49
1.58
1.66
1.65
1.64
1.82
1.95
1.93
1.97
2.00
1.96
2.00
2.05
2.08
2.05
2.05
2.06
2.12
2.12
2.17
2.22
2.25
2.33
2.38
2.35
2.30
2.25
2.28
2.48
2.53
2.69
2.64
2.61
2.63
2.57
2.51
2.43
2.40
2.44
2.41
2.44
2.39
2.32
2.25
2.24
2.32
2.40
2.39
2.32
2.27
2.32
2.45
2.46
2.38
2.30
2.33
2.51
2.60
2.56
2.55
2.73
2.86
2.93
2.91
2.91
2.86
2.86
3.02
3.03
3.03
3.06
3.07
3.12
3.12
3.10
3.13
3.10
3.10
3.08
3.06
3.14
3.18
3.22
3.28
3.26
3.21
3.23
3.24
3.29
3.28
3.20
3.20
3.20
3.23
3.26
3.21
3.20
3.20
3.20
3.24
3.17
3.12
3.12
3.10
3.16
3.15
3.06
3.05
3.03
3.01
2.99
2.88
2.81
2.71
2.64
2.56
2.52
2.50
2.42
2.35
2.30
2.25
2.26
2.20
2.16
2.12
2.06
2.05
2.00
1.93
1.87
1.82
1.80
1.79
1.73
1.67
1.63
1.60
1.62
1.56
1.52
1.49
1.45
1.48
1.45
1.41
1.37
1.34
1.37
1.37
1.32
1.29
1.26
1.25
1.29
1.26
1.23
1.21
1.19
1.23
1.22
1.20
1.18
1.16
1.17
1.21
1.18
1.15
1.13
1.14
1.19
1.17
1.15
1.15
1.14
1.18
1.17
1.16
1.14
1.12
1.16
1.19
1.16
1.13
1.12
1.12
1.17
1.14
1.13
1.13
1.12
1.17
1.17
1.16
1.15
1.13
1.15
1.19
1.17
1.16
1.14
1.15
1.19
1.17
1.16
1.16
1.15
1.22
1.22
1.19
1.18
1.15
1.19
1.24
1.22
1.20
1.17
1.17
1.23
1.22
1.21
1.19
1.17
1.21
1.20
1.18
1.16
1.13
1.17
1.21
1.18
1.17
1.15
1.16
1.20
1.19
1.18
1.18
1.16
1.22
1.22
1.19
1.19
1.17
1.17
1.19
1.15
1.13
1.10
1.11
1.14
1.11
1.10
1.09
1.08
1.11
1.09
1.07
1.04
1.02
1.04
1.07
1.04
1.02
1.00
1.01
1.05
1.02
0.99
0.98
0.97
1.01
1.00
1.00
0.99
0.97
0.98
1.02
1.00
1.03
1.03
1.02
1.03
1.02
0.98
0.96
0.94
0.96
0.94
0.90
0.87
0.87
0.87
0.88
0.85
0.83
0.82
0.82
0.85
0.82
0.79
0.78
0.77
0.80
0.79
0.76
0.74
0.73
0.76
0.78
0.78
0.85
0.92
1.00
1.03
1.06
1.10
1.11
1.11
1.20
1.26
1.31
1.37
1.35
1.31
1.28
1.30
1.37
1.37
1.42
1.52
1.49
1.56
1.62
1.61
1.59
1.55
1.56
1.58
1.55
1.50
1.49
1.49
1.44
1.43
1.38
1.34
1.30
1.26
1.25
1.50
1.75
1.79
1.93
1.93
2.02
2.01
1.96
1.93
2.00
1.98
1.95
2.02
2.04
2.17
2.23
2.24
2.18
2.12
2.06
2.15
2.21
2.17
2.22
2.16
2.13
2.22
2.28
2.53
2.49
2.56
2.54
2.48
2.60
2.79
2.78
2.97
3.32
3.50
3.51
3.55
3.59
3.65
3.61
3.51
3.50
3.48
3.48
3.42
3.36
3.25
3.23
3.26
3.26
3.30
3.29
3.37
3.41
3.42
3.34
3.27
3.31
3.29
3.31
3.26
3.15
3.22
3.26
3.26
3.32
3.27
3.17
3.09
3.03
3.00
3.09
3.06
3.06
3.05
3.05
3.04
2.95
2.90
2.88
2.83
2.84
2.75
2.70
2.72
2.73
2.75
2.71
2.63
2.60
2.55
2.52
2.49
2.41
2.37
2.37
2.34
2.35
2.29
2.24
2.23
2.22
2.23
2.17
2.11
2.09
2.07
2.06
2.05
2.00
1.98
1.97
1.96
1.99
1.94
1.94
1.89
1.88
1.84
1.81
1.79
1.74
1.69
1.66
1.62
1.63
1.61
1.56
1.52
1.49
1.48
1.49
1.44
1.39
1.36
1.34
1.37
1.32
1.28
1.25
1.22
1.24
1.22
1.18
1.15
1.13
1.13
1.16
1.13
1.12
1.11
1.10
1.14
1.10
1.07
1.04
1.03
1.06
1.04
1.01
0.99
0.97
1.00
1.03
0.99
0.97
0.95
0.95
0.99
0.96
0.94
0.93
0.91
0.96
0.96
0.95
0.95
0.93
0.97
1.01
0.98
0.97
0.95
0.95
1.01
0.99
0.99
0.99
0.97
1.02
1.02
1.00
0.99
0.97
1.02
1.05
1.01
1.01
0.99
1.01
1.05
1.03
1.01
1.01
1.00
1.05
1.05
1.03
1.04
1.01
1.03
1.08
1.06
1.05
1.04
1.06
1.11
1.07
1.05
1.04
1.03
1.08
1.08
1.05
1.04
1.02
1.04
1.07
1.04
1.03
1.01
1.02
1.07
1.04
1.02
1.01
1.01
1.06
1.05
1.04
1.04
1.02
1.04
1.08
1.06
1.04
1.03
1.03
1.07
1.04
1.04
1.04
1.01
1.04
1.02
1.00
1.00
0.97
0.99
1.00
0.96
0.94
0.93
0.92
0.96
0.94
0.92
0.90
0.89
0.93
0.92
0.90
0.88
0.87
0.89
0.92
0.88
0.87
0.86
0.87
0.90
0.88
0.86
0.85
0.84
0.88
0.87
0.86
0.85
0.84
0.86
0.89
0.87
0.85
0.85
0.94
1.09
1.11
1.08
1.07
1.11
1.27
1.28
1.25
1.22
1.21
1.23
1.23
1.25
1.27
1.29
1.27
1.30
1.25
1.20
1.19
1.20
1.18
1.19
2851